# Team Deathmatch Extra Spawns
# For map: cs_office
# Exported by: Stupid
info_mobile_spawn	887.623596 892.054321 -159.449554	0.159 -0.066 -0.002
info_mobile_spawn	1503.101929 901.114746 -159.470169	-0.223 -173.581 -0.000
info_mobile_spawn	1502.761230 1008.601501 -159.459091	-0.003 -168.489 0.156
info_mobile_spawn	551.710938 415.612671 -159.531418	-0.025 -0.440 -0.053
info_mobile_spawn	551.102539 642.980469 -159.400040	-0.022 -6.375 -0.022
info_mobile_spawn	48.408432 251.391846 -159.499634	0.004 -89.100 -0.004
info_mobile_spawn	135.119186 252.178757 -159.503708	-0.264 -96.141 0.231
info_mobile_spawn	-358.805176 459.291901 -159.427353	0.001 -173.061 0.087
info_mobile_spawn	-367.886505 694.051880 -159.464157	0.204 -175.916 0.000
info_mobile_spawn	-842.383057 -204.826965 -159.460999	0.241 0.442 0.220
info_mobile_spawn	-861.720886 -80.886200 -159.439774	-0.004 -0.000 0.004
info_mobile_spawn	-698.321838 521.800781 -367.400177	-0.000 -77.370 0.000
info_mobile_spawn	-703.543762 164.548676 -367.414886	-0.066 -91.746 -0.093
info_mobile_spawn	-1623.274536 -780.710144 -239.476624	-0.075 -0.000 0.075
info_mobile_spawn	-1648.510010 -99.431648 -239.411423	-0.228 -48.836 0.264
info_mobile_spawn	-1743.309448 -1512.889648 -327.400177	-0.199 43.113 -0.199
info_mobile_spawn	-543.716064 -1153.806030 -239.400177	-0.000 131.344 0.000
info_mobile_spawn	-854.105591 -1148.891479 -239.454330	-0.329 53.449 0.148
info_mobile_spawn	-6.397543 -2121.114014 -335.402496	-0.247 58.011 -0.254
info_mobile_spawn	413.452271 -2123.489990 -335.433197	-0.100 122.208 -0.205
info_mobile_spawn	309.398560 -1331.189087 -279.478882	-0.000 2.466 -0.145
info_mobile_spawn	1140.208130 -843.972961 -159.465012	-0.073 -132.041 0.006
info_mobile_spawn	1564.660522 -580.716431 -159.427689	-0.055 125.761 0.142
info_mobile_spawn	1348.839355 -588.470764 -159.458908	0.000 32.062 -0.187
info_mobile_spawn	2302.943848 62.234886 -159.443527	-0.000 -152.398 -0.138
info_mobile_spawn	2266.676270 -341.076385 -159.498672	0.143 139.891 0.004
info_mobile_spawn	-127.634224 -1123.284058 -223.511642	0.028 67.854 0.064
info_mobile_spawn	1422.716309 -122.227219 -159.473709	0.002 -144.526 -0.236
info_mobile_spawn	-8.707770 -1639.749146 -335.446014	0.073 -55.660 -0.073
info_mobile_spawn	279.987915 -1617.338501 -335.458435	0.001 -104.585 -0.186
