# Team Deathmatch Extra Spawns
# For map: stdm_inferno
# Exported by: Stupid
info_mobile_spawn	-968.390076 -428.556183 0.557210	0.136 64.902 0.000
info_mobile_spawn	-970.206299 176.568893 0.583540	-0.306 -38.521 0.254
info_mobile_spawn	407.567261 -231.709579 80.565506	-0.040 72.225 0.149
info_mobile_spawn	-242.384598 -487.018585 192.599808	-0.000 146.613 0.000
info_mobile_spawn	-376.455536 -552.461304 192.583618	0.000 84.283 0.052
info_mobile_spawn	318.003998 -365.994080 96.552452	0.000 -74.925 0.151
info_mobile_spawn	-228.754623 149.791534 182.562225	-0.105 90.026 -0.014
info_mobile_spawn	88.596725 186.364334 182.582657	-0.055 -80.417 0.000
info_mobile_spawn	1041.198242 -490.725525 256.550262	-0.060 0.000 0.060
info_mobile_spawn	1035.678223 -362.570801 256.548767	-0.062 0.000 0.062
info_mobile_spawn	1049.264893 29.603804 256.564606	-0.112 -89.201 -0.000
info_mobile_spawn	1364.244507 -65.961586 128.575195	0.079 33.734 0.001
info_mobile_spawn	1836.738159 319.548737 160.572830	0.220 11.627 0.135
info_mobile_spawn	1842.582764 637.020386 160.525314	0.090 0.000 0.090
info_mobile_spawn	2469.562012 948.336853 160.566910	0.001 -172.529 -0.106
info_mobile_spawn	2414.006836 1391.191650 160.564240	-0.032 89.540 -0.145
info_mobile_spawn	2494.224121 1265.785645 160.581604	0.002 0.011 -0.060
info_mobile_spawn	2612.561523 1660.788452 160.569473	-0.097 -175.022 0.001
info_mobile_spawn	1677.645752 2060.637939 160.549255	-0.000 -161.776 0.161
info_mobile_spawn	1649.259155 1650.239624 160.599808	0.000 99.114 0.000
info_mobile_spawn	1876.169556 1490.481079 160.599808	0.212 179.424 -0.212
info_mobile_spawn	1022.628235 2959.888916 128.534714	-0.142 120.737 0.015
info_mobile_spawn	934.752686 2961.981201 128.573761	0.084 64.685 0.001
info_mobile_spawn	708.135498 3198.682617 160.526443	0.089 0.000 0.089
info_mobile_spawn	551.548096 3578.559814 160.584579	0.218 -89.223 0.169
info_mobile_spawn	82.745026 3124.198730 160.565338	0.000 -93.661 0.110
info_mobile_spawn	866.377747 2396.295898 144.493698	-0.025 171.350 -0.075
info_mobile_spawn	604.919067 1901.155884 127.840530	4.080 88.157 -0.377
info_mobile_spawn	491.045380 1902.479370 126.944450	-2.585 92.149 2.189
info_mobile_spawn	-727.002075 800.573059 -31.433090	0.108 -82.226 -0.004
info_mobile_spawn	24.545977 327.064697 182.565948	0.003 -175.981 0.111
info_mobile_spawn	-441.928467 447.221283 42.599800	0.058 129.982 0.058
info_mobile_spawn	-559.850464 880.605225 -31.401947	0.006 -74.791 -0.000
info_mobile_spawn	908.216187 260.261047 92.410416	1.968 117.818 -5.927
info_mobile_spawn	863.165771 -758.374756 95.874580	1.167 101.121 -4.495
info_mobile_spawn	2011.949707 -208.451523 80.522362	0.094 0.000 0.094
info_mobile_spawn	2106.094238 -395.819763 80.590683	-0.029 92.070 0.000
info_mobile_spawn	2615.785889 -233.673584 80.571320	0.001 176.297 -0.091
info_mobile_spawn	2532.831787 533.797668 212.583588	0.002 -129.639 0.053
