# Team Deathmatch Extra Spawns
# For map: stdm_dust
# Exported by: Stupid
info_mobile_spawn	2353.335938 1150.825806 33.594837	-0.000 -170.929 -0.016
info_mobile_spawn	2265.328369 313.422821 1.673687	0.008 82.391 -0.068
info_mobile_spawn	2423.651855 384.329926 3.917330	-0.004 83.082 -2.227
info_mobile_spawn	884.505249 821.808044 1.467422	0.015 -76.257 0.028
info_mobile_spawn	984.774719 815.951233 1.552315	0.001 -81.017 -0.152
info_mobile_spawn	-207.007919 1544.734863 33.567535	0.076 -42.458 0.146
info_mobile_spawn	-1829.756470 2852.799805 33.587208	-0.099 0.038 -0.059
info_mobile_spawn	-1917.898926 2762.360107 33.554817	-0.055 0.000 -0.054
info_mobile_spawn	-1664.112915 3408.904785 3.781548	-2.366 -0.128 1.363
info_mobile_spawn	-1646.006714 3615.858398 2.404578	-0.892 -0.034 0.697
info_mobile_spawn	-697.582153 3636.593506 1.583417	-0.171 -76.303 0.119
info_mobile_spawn	-1367.910156 2135.504883 -174.446609	-0.046 -0.000 0.045
info_mobile_spawn	-1364.438477 2021.618896 -174.517136	0.041 -0.000 -0.041
info_mobile_spawn	-1383.805786 1353.898682 -174.424026	-0.002 71.815 0.078
info_mobile_spawn	-370.495300 267.008850 1.563650	0.116 -88.318 -0.001
info_mobile_spawn	-484.600830 253.713486 1.579034	-0.001 -82.662 -0.067
info_mobile_spawn	-589.348938 265.620331 1.558680	0.131 -80.880 -0.000
info_mobile_spawn	-196.821808 -662.156677 4.777582	-2.945 1.699 5.346
info_mobile_spawn	645.699036 1295.807861 33.570705	-0.084 -84.480 -0.009
info_mobile_spawn	1405.255127 962.551575 1.556959	-0.025 -0.091 0.162
info_mobile_spawn	-122.428947 1199.500122 33.536346	0.061 0.000 0.061
info_mobile_spawn	-83.945671 1819.960571 33.575317	-0.023 -0.000 0.024
info_mobile_spawn	-79.147095 1913.170288 33.527107	-0.070 -0.000 0.070
info_mobile_spawn	702.989563 2109.996582 0.581434	-0.000 109.480 0.059
info_mobile_spawn	-603.599243 3639.700195 1.759381	-0.034 -83.921 0.600
info_mobile_spawn	-1209.094238 1349.657837 -189.652771	2.505 0.555 -0.124
info_mobile_spawn	-1681.878052 1414.062134 -86.480186	-0.078 -0.000 0.078
info_mobile_spawn	-1261.714111 1477.749756 1.492462	-0.044 -40.471 0.040
info_mobile_spawn	-974.603577 249.820557 33.566914	0.258 89.010 0.153
info_mobile_spawn	-749.092529 -88.367950 1.552843	-0.043 0.076 0.193
info_mobile_spawn	288.737976 841.879761 9.606823	0.106 -109.727 0.043
