# Team Deathmatch Extra Spawns
# For map: de_inferno_go
# Exported by: Stupid
info_mobile_spawn	554.387756 2754.969971 97.560753	-0.113 -73.641 0.012
info_mobile_spawn	457.683411 1721.397827 1.556028	0.000 -75.537 0.140
info_mobile_spawn	375.351440 1406.929077 1.545116	0.106 121.325 -0.224
info_mobile_spawn	-733.151489 1358.513062 -110.464615	-0.062 -0.000 0.062
info_mobile_spawn	-933.443848 1341.994629 -110.421898	0.036 106.476 -0.105
info_mobile_spawn	-1408.160767 1246.401123 33.599800	0.185 -87.597 0.185
info_mobile_spawn	-1694.387207 1362.451172 33.568993	-0.000 -94.631 0.098
info_mobile_spawn	-2138.850098 1221.813232 33.524876	-0.072 -0.000 0.072
info_mobile_spawn	-2137.786133 1080.341064 33.528194	-0.069 -0.000 0.069
info_mobile_spawn	-1409.768311 576.660767 33.530258	0.248 179.410 0.112
info_mobile_spawn	-1880.868530 660.146179 33.537933	-0.061 -0.000 0.061
info_mobile_spawn	-2002.028076 350.959045 4.571992	4.939 2.380 -0.029
info_mobile_spawn	-1397.229126 126.006905 10.342850	-1.001 -172.579 1.105
info_mobile_spawn	-2129.236572 -779.764587 131.895126	-1.419 -0.018 -0.731
info_mobile_spawn	-1324.057373 -296.408203 131.437836	-2.077 -91.926 -1.377
info_mobile_spawn	-448.444000 -564.531311 3.599800	0.005 93.060 0.005
info_mobile_spawn	699.402832 -322.772736 11.157786	4.176 -161.857 2.145
info_mobile_spawn	702.252258 175.440506 9.571267	6.711 -170.063 -1.806
info_mobile_spawn	197.718506 41.090221 7.479502	-0.327 4.367 -2.128
info_mobile_spawn	729.866638 534.360107 2.624324	-0.542 -149.945 0.300
info_mobile_spawn	588.615051 843.334473 6.795251	-3.472 1.176 0.928
info_mobile_spawn	654.219421 1154.652466 5.911563	-0.616 -84.458 0.399
info_mobile_spawn	998.438171 1150.032349 3.057421	-1.339 -90.329 -0.121
info_mobile_spawn	1705.962646 597.623291 65.572342	-0.001 -175.508 0.089
info_mobile_spawn	1727.387207 861.717834 65.573296	0.042 -166.760 -0.042
info_mobile_spawn	1221.414185 2582.199219 97.563385	-0.001 81.788 0.117
info_mobile_spawn	972.754883 2500.694092 97.559372	0.102 172.610 0.008
info_mobile_spawn	428.037903 2740.135254 97.559280	-0.129 -80.112 -0.000
info_mobile_spawn	1069.822632 2937.328369 135.953140	6.191 -0.830 -0.848
info_mobile_spawn	-344.695160 1721.981079 -125.163246	-0.200 145.644 0.262
info_mobile_spawn	-566.838440 1930.184326 -123.473648	2.877 -1.376 1.932
info_mobile_spawn	-1211.004272 2100.000977 4.383035	0.972 82.555 2.796
info_mobile_spawn	-1401.298218 2545.345703 6.195128	-1.002 -85.328 0.843
info_mobile_spawn	-1427.365112 2777.983398 6.567562	2.420 -122.010 -0.699
info_mobile_spawn	-1913.904419 2872.187744 33.567928	0.170 -50.894 0.069
info_mobile_spawn	-2072.888428 2717.973389 33.576920	-0.000 -71.940 0.065
info_mobile_spawn	-1153.286621 1378.480469 -110.462708	0.060 0.000 0.060
info_mobile_spawn	-698.041870 419.206818 8.174398	2.743 0.383 0.697
info_mobile_spawn	-698.036072 315.923615 7.459091	3.590 2.004 -1.236
info_mobile_spawn	457.491974 1538.985352 1.581267	0.092 -179.160 0.033
info_mobile_spawn	-1249.219604 -300.100983 129.847290	-0.671 -78.269 -0.776
