# Team Deathmatch Extra Spawns
# For map: de_nuke_go
# Exported by: Stupid
info_mobile_spawn	1370.575439 -356.568146 -415.449707	0.080 -169.700 -0.078
info_mobile_spawn	1270.183350 -323.512024 -415.465240	0.011 -98.340 -0.011
info_mobile_spawn	339.958496 -202.506165 -415.424622	0.001 34.816 -0.078
info_mobile_spawn	450.355225 -205.658707 -415.447723	-0.076 74.581 0.075
info_mobile_spawn	737.443176 886.033142 -479.432159	0.052 -86.900 -0.050
info_mobile_spawn	574.292114 0.921253 -639.484009	-0.084 85.360 0.083
info_mobile_spawn	694.365112 10.644024 -639.420532	-0.065 96.303 0.000
info_mobile_spawn	883.296753 -464.845062 -767.455261	0.088 -81.400 -0.088
info_mobile_spawn	922.358704 -566.464111 -767.413147	-0.188 -165.073 -0.229
info_mobile_spawn	1276.810669 -435.706787 -639.429993	-0.006 -174.910 -0.099
info_mobile_spawn	1216.392700 -1013.529907 -767.422302	0.000 93.996 0.071
info_mobile_spawn	436.127502 -928.394165 -383.428040	0.329 -84.175 0.240
info_mobile_spawn	-173.168594 -1274.494507 -415.474335	-0.073 -0.000 0.073
info_mobile_spawn	208.719757 -1331.016968 -415.540100	-0.084 100.761 -0.116
info_mobile_spawn	-403.139221 -1117.527100 -415.413910	0.023 83.820 -0.020
info_mobile_spawn	-340.986084 -437.596039 -415.437622	0.060 -85.140 -0.059
info_mobile_spawn	-372.882233 -328.519928 -415.546722	0.175 -75.449 -0.145
info_mobile_spawn	-161.191360 -1444.146362 -415.428558	0.045 174.240 -0.046
info_mobile_spawn	564.130554 -1721.157227 -415.472137	-0.070 -0.000 0.070
info_mobile_spawn	564.079163 -1591.923462 -415.481384	-0.080 -0.000 0.080
info_mobile_spawn	1415.902344 -2167.201172 -415.474396	0.032 178.500 -0.043
info_mobile_spawn	1397.319336 -2266.956787 -415.419739	-0.001 -174.199 0.063
info_mobile_spawn	2213.128418 -1667.142822 -415.429901	-0.064 83.380 0.030
info_mobile_spawn	438.364563 -1721.570190 -415.418518	-0.060 -92.836 -0.002
info_mobile_spawn	344.445953 -1608.883789 -415.418915	-0.120 -78.754 -0.179
info_mobile_spawn	-171.915131 -1541.024414 -415.461334	0.160 179.216 -0.032
info_mobile_spawn	136.540619 -708.006592 -415.434265	-0.001 -89.320 0.045
info_mobile_spawn	36.481342 -707.908142 -415.440613	-0.105 -87.766 -0.234
info_mobile_spawn	216.369064 -933.121216 -287.462341	-0.082 -176.972 0.116
info_mobile_spawn	214.765259 -501.225861 -415.458862	0.081 171.680 -0.078
info_mobile_spawn	208.426239 -352.348145 -415.442383	0.001 -179.267 -0.135
