# Team Deathmatch Extra Spawns
# For map: tdm_nuketown_b0
# Exported by: Stupid
info_mobile_spawn	2009.048462 950.228943 -67.523109	-0.012 -0.000 0.012
info_mobile_spawn	2103.385498 945.459473 -67.473724	-0.007 -0.000 0.007
info_mobile_spawn	2232.846924 302.796539 -67.505867	-0.011 -0.000 0.011
info_mobile_spawn	2227.383545 393.445221 -67.524979	-0.012 -0.000 0.012
info_mobile_spawn	2228.888428 493.519104 -67.496712	-0.010 -0.000 0.010
info_mobile_spawn	1274.620361 754.958618 -63.448059	-0.047 -0.000 0.047
info_mobile_spawn	1260.711060 673.208984 -63.486492	-0.085 -0.000 0.085
info_mobile_spawn	1445.509888 134.328476 -63.485439	-0.116 1.497 -0.031
info_mobile_spawn	1449.005371 231.241730 -63.508842	-0.044 -0.000 0.044
info_mobile_spawn	1577.466309 140.349182 72.475021	-0.012 -0.000 0.012
info_mobile_spawn	1566.646851 404.278290 72.536201	0.070 0.259 0.151
info_mobile_spawn	1138.996216 135.214584 72.508095	-0.141 0.004 0.272
info_mobile_spawn	1134.441040 -42.048210 -67.530769	-0.013 -0.000 0.013
info_mobile_spawn	538.367493 -454.013855 -67.469292	-0.084 -0.000 0.084
info_mobile_spawn	664.349854 -465.134766 -67.465240	-0.079 -0.000 0.079
info_mobile_spawn	-413.298920 359.190674 -63.447342	-0.046 -0.000 0.046
info_mobile_spawn	-410.079132 286.601501 -63.470036	-0.068 -0.000 0.068
info_mobile_spawn	-218.927231 148.500580 -63.472179	-0.071 -0.000 0.071
info_mobile_spawn	-1083.494995 -9.197474 -67.538902	-0.014 -0.000 0.014
info_mobile_spawn	-1024.957642 -3.120598 -67.523109	-0.012 -0.000 0.012
info_mobile_spawn	-395.246613 740.330200 -63.459942	-0.057 -0.000 0.057
info_mobile_spawn	-405.944397 636.009583 -63.453136	-0.051 -0.000 0.051
info_mobile_spawn	-521.470032 697.757202 -63.477444	-0.074 -0.000 0.074
info_mobile_spawn	-172.379913 434.044403 -63.514160	-0.011 -0.000 0.011
info_mobile_spawn	-271.614166 442.452667 -63.507477	-0.011 -0.000 0.011
info_mobile_spawn	-551.103088 755.690613 72.484390	-0.047 -0.000 0.047
info_mobile_spawn	-573.644043 526.194397 72.467247	-0.013 -0.000 0.013
info_mobile_spawn	-316.548492 422.010651 72.471191	-0.013 -0.000 0.013
info_mobile_spawn	-31.302208 752.161987 72.467247	-0.013 -0.000 0.013
info_mobile_spawn	-1152.686035 678.168030 -67.521263	-0.012 -0.000 0.012
info_mobile_spawn	-561.303833 843.056030 -67.524979	-0.012 -0.000 0.012
info_mobile_spawn	1568.975586 728.772705 -63.457577	-0.056 -0.000 0.056
info_mobile_spawn	1270.753174 434.761078 -63.504025	-0.042 -0.000 0.042
info_mobile_spawn	1268.647461 424.299774 72.493286	0.010 -0.039 0.147
