# Team Deathmatch Extra Spawns
# For map: tdm_cod4_vacant
# Exported by: Stupid
info_mobile_spawn	466.845734 1886.744873 0.563662	-0.269 0.004 -0.167
info_mobile_spawn	239.633362 1867.715698 0.538150	-0.056 -0.002 -0.226
info_mobile_spawn	257.851379 1363.713013 0.542551	-0.207 -0.053 -0.167
info_mobile_spawn	-111.814484 1352.517578 0.557940	0.001 0.021 -0.133
info_mobile_spawn	-320.285736 1237.911987 0.556689	-0.027 -0.040 -0.138
info_mobile_spawn	327.178558 366.518768 0.527475	0.261 -0.037 0.033
info_mobile_spawn	-514.419861 -2.126539 48.573265	-0.026 -0.000 0.026
info_mobile_spawn	-525.298767 277.043945 48.513542	-0.084 -0.000 0.084
info_mobile_spawn	-510.230042 818.908752 8.534079	-0.064 0.000 -0.064
info_mobile_spawn	-717.439636 830.275085 8.555578	0.001 1.994 -0.142
info_mobile_spawn	-982.555847 810.544189 8.539783	-0.059 -0.000 0.059
info_mobile_spawn	-1469.396851 -1226.381714 6.465218	-0.013 -0.000 0.013
info_mobile_spawn	-1654.505127 -1231.079468 6.508949	-0.009 -0.000 0.009
info_mobile_spawn	-1666.714355 -1093.177002 6.471186	0.013 0.000 0.013
info_mobile_spawn	-1343.126343 -1254.103149 48.513542	-0.084 -0.000 0.084
info_mobile_spawn	-1358.667725 -1141.600098 48.528927	-0.069 -0.000 0.069
info_mobile_spawn	-848.343567 -1113.422974 48.551956	-0.047 -0.000 0.047
info_mobile_spawn	16.789255 -1347.014282 48.536041	-0.062 -0.000 0.062
info_mobile_spawn	153.868713 -1354.763062 48.526752	-0.072 -0.000 0.072
info_mobile_spawn	286.728302 -1084.436646 48.595066	0.010 0.568 0.025
info_mobile_spawn	-25.285429 -1268.523560 48.559795	-0.117 -0.161 -0.250
info_mobile_spawn	-27.986429 -1075.740723 48.575809	-0.160 0.126 -0.011
info_mobile_spawn	729.961060 -1987.557251 48.518600	-0.080 -0.000 0.080
info_mobile_spawn	538.770569 -2102.186768 48.537941	-0.061 -0.000 0.061
info_mobile_spawn	552.146240 -2018.175171 48.521019	-0.077 -0.000 0.077
info_mobile_spawn	445.646515 -1653.258179 48.545811	-0.053 -0.000 0.053
info_mobile_spawn	137.062347 -2215.350342 48.561081	-0.038 -0.000 0.038
info_mobile_spawn	132.780823 -2115.886719 48.578964	-0.022 0.000 0.019
info_mobile_spawn	-480.806152 -1653.976685 48.522202	-0.076 -0.000 0.076
info_mobile_spawn	-339.844513 -1654.328613 48.553383	-0.046 -0.000 0.045
info_mobile_spawn	-1042.166870 -2439.053711 48.546619	-0.052 -0.000 0.052
info_mobile_spawn	-1041.790283 -2121.740479 48.529991	-0.068 -0.000 0.068
info_mobile_spawn	-1048.193115 -2272.148682 48.551231	-0.048 -0.000 0.048
info_mobile_spawn	-1017.111633 -1666.891235 48.552670	-0.046 0.000 -0.046
info_mobile_spawn	-1034.935791 -1376.681641 48.519817	-0.078 -0.000 0.078
info_mobile_spawn	-1057.900269 -1546.017212 48.562798	-0.036 -0.000 0.036
info_mobile_spawn	-203.559891 -835.939636 48.465218	-0.013 -0.000 0.013
info_mobile_spawn	-544.998047 -662.363525 48.530590	-0.007 -0.000 0.007
info_mobile_spawn	-530.716492 -543.402527 48.536591	-0.006 -0.000 0.006
info_mobile_spawn	371.602509 -394.827911 48.569855	-0.029 -0.000 0.029
info_mobile_spawn	-1066.582642 -128.762009 48.517365	-0.081 -0.000 0.081
info_mobile_spawn	-1067.937012 0.886842 48.525639	-0.073 -0.000 0.073
info_mobile_spawn	-1067.008545 -835.353333 48.567013	-0.032 0.000 0.032
info_mobile_spawn	-539.207153 134.470703 48.554764	-0.044 -0.000 0.044
info_mobile_spawn	1601.933594 1425.453125 0.531680	0.072 -0.078 0.206
info_mobile_spawn	1424.902832 1434.079956 0.513136	-0.052 -0.061 -0.193
info_mobile_spawn	1653.475708 586.988831 0.546671	-0.204 -0.052 -0.035
info_mobile_spawn	1612.280884 -310.441101 0.558409	0.126 -0.052 0.056
info_mobile_spawn	1383.275635 -1030.883301 0.560031	0.150 -0.162 0.000
info_mobile_spawn	1496.503052 -1056.579834 0.581524	0.000 -0.068 0.039
info_mobile_spawn	1480.948242 -872.885498 0.553682	-0.195 -0.070 -0.099
info_mobile_spawn	1381.620239 -1201.160034 0.559875	-0.065 -0.138 -0.161
info_mobile_spawn	1495.325684 -1202.775757 0.569320	0.108 0.242 -0.042
