# Team Deathmatch Extra Spawns
# For map: tdm_crash
# Exported by: Stupid
info_mobile_spawn	-846.711182 1367.999268 -287.524750	-0.175 0.051 -0.083
info_mobile_spawn	-636.258606 1356.656982 -293.067322	1.502 0.507 4.206
info_mobile_spawn	-62.824661 1021.142273 -289.148834	-0.054 -0.000 0.055
info_mobile_spawn	-480.987549 1058.026733 -289.150543	-0.056 -0.000 0.056
info_mobile_spawn	-498.708618 1366.794556 -289.139618	0.045 0.000 0.045
info_mobile_spawn	73.135902 1108.665649 -289.145569	-0.051 -0.000 0.051
info_mobile_spawn	63.088535 1009.475098 -289.159912	-0.065 -0.000 0.065
info_mobile_spawn	-1127.281372 111.557182 -255.591721	0.147 -0.003 -0.036
info_mobile_spawn	-2458.183838 -1188.186401 -129.161514	0.018 0.077 -0.476
info_mobile_spawn	-2445.399658 -1090.340210 -130.173599	-0.197 -0.007 -0.666
info_mobile_spawn	-3415.328857 -1545.520142 -127.515656	0.027 -0.036 0.006
info_mobile_spawn	-3273.479004 -1542.569458 -127.590790	0.160 -0.002 -0.120
info_mobile_spawn	-3559.294189 -1560.433350 8.547679	-0.050 -0.000 0.050
info_mobile_spawn	-3784.037598 -1176.297241 8.536364	-0.061 -0.000 0.061
info_mobile_spawn	-4334.924805 -279.009827 -127.181458	-0.084 -0.000 0.084
info_mobile_spawn	-4336.881836 -444.464569 -127.169357	-0.073 -0.000 0.073
info_mobile_spawn	-4063.638672 -241.587234 -127.177635	-0.081 -0.000 0.081
info_mobile_spawn	-3942.908936 -1.669246 -255.601379	-0.094 0.087 -0.011
info_mobile_spawn	-3963.302734 -113.175369 -255.592941	-0.030 -0.001 -0.154
info_mobile_spawn	-3572.793701 2.451846 -255.527115	-0.077 -0.037 -0.074
info_mobile_spawn	-3203.438721 -122.966049 -255.583649	-0.081 -0.000 0.081
info_mobile_spawn	-3179.911621 -92.592804 -119.505569	-0.042 -0.000 0.042
info_mobile_spawn	-3320.847168 478.293518 -255.586105	-0.034 0.000 0.146
info_mobile_spawn	-3039.271484 1468.740601 -233.390411	-0.116 0.069 -0.042
info_mobile_spawn	-3393.824463 1518.510986 -255.595078	-0.036 -0.020 -0.167
info_mobile_spawn	-834.231567 -132.511307 -255.575211	-0.037 0.023 -0.054
info_mobile_spawn	-1124.849487 1.155418 -255.565216	-0.017 -0.173 0.216
info_mobile_spawn	-1606.969238 1525.992432 -273.482635	0.081 0.000 0.081
info_mobile_spawn	-1734.265747 1016.951172 -277.584229	-1.562 0.000 0.578
info_mobile_spawn	-2031.185913 994.807678 -215.542328	-0.040 -0.000 0.040
info_mobile_spawn	-2366.795166 1204.487549 -251.207855	1.382 -0.059 -0.738
info_mobile_spawn	-2802.333496 1517.952637 -255.575012	0.071 0.000 0.071
info_mobile_spawn	-2789.994385 1282.744019 208.411240	-0.086 -0.000 0.086
info_mobile_spawn	-2765.344482 1189.728271 208.447998	-0.050 -0.000 0.050
info_mobile_spawn	-626.133545 -326.488739 -303.111908	1.294 0.242 1.945
info_mobile_spawn	-600.080872 -132.557556 -295.414948	-0.025 -0.606 2.483
info_mobile_spawn	-604.852722 80.403572 -288.005615	-0.397 -0.083 1.616
info_mobile_spawn	-357.276184 194.097000 -282.020966	5.564 0.009 1.026
info_mobile_spawn	-351.919281 11.780555 -287.146088	3.078 0.831 2.288
info_mobile_spawn	-2028.211914 411.472931 -247.558563	0.056 0.000 0.056
info_mobile_spawn	-2928.128418 -435.161987 -255.551666	-0.083 0.021 -0.023
